2200
50001
1002557
50003
1000070
50011
1001321
1001316
1001315
1001314
50057
1000224
1000026
1003653
1000063
1003654
1000692
1003752
1001773
1001884
1000017
1001935
1000018
1000372
1003753
1001320
1002125
1001805
1001815
1001819
1001841
1001842
1001844
1000877
1000880
1001934
1000876
1002772
1001845
1001862
1000152
1000153
1000399
1000482
1000416
1000429
1001937
1001939
52006
52007
1000123
1000803
53032
1000089
53034
1000522
1002141
1002147
1002148
1002406
1001304
802364
802365
802366
802286
1004363
1002288
1001791
1001792
1001793
1001795
1001796
1001797
1001798
1001319
1002188
1002189
1002190
1001887
1001888
1001889
1001890
1002219
1002220
1002221
1002222
1002223
1002224
1002225
1002226
1002227
1002191
1002228
1002229
1002230
1002231
1002232
1002233
1001894
1002192
1002193
1002194
1002214
1002215
1002216
1002217
1002131
1002186
1002187
1002195
1002196
1001895
1001896
1001897
1001908
1002234
1002235
1002236
1002237
1002238
1002239
1002240
1002241
1002242
1001909
1001910
1001911
1001912
1001898
1001899
1003212
1003213
1003214
1003215
1003216
1003217
1003218
1003219
1001900
1001901
1001902
1001907
1002243
1001903
1001904
1001906
1002244
1002245
1002246
1002247
1002248
1002249
1002305
1002307
1001905
1002308
1002309
1002310
1001604
1000157
1000811
1001924
1001017
1001016
1001010
1001232
1001018
1001015
1001014
1001011
1001013
1001012
1000599
1001047
1001043
1001040
1001044
1001041
1001045
1001048
1001046
1001049
1001042
1000613
1000614
1001138
1001021
1001023
1001026
1001024
1001025
1001020
1001022
1001028
1001029
1000601
1000604
1000605
1001034
1001030
1001037
1001033
1001031
1001035
1001032
1001038
1001036
1000525
1000526
1001053
1001054
1001059
1001056
1001050
1001057
1001058
1001051
1001052
1000606
1000609
1003224
1003292
1003293
1003294
1003295
1003296
1003297
1003298
1003299
1003300
1003301
1003302
1003303
1003304
1003305
1003306
1003307
1003308
1003309
1003310
1003311
1003312
1003313
1003314
1003315
1003316
1003317
1003318
1003319
1003320
1003321
1003356
1003357
1003358
1003359
1003777
1003778
1003779
1003780
1003781
1003782
1003783
1003784
1003785
1003786
1003787
1003788
1003789
1003790
1003791
1003792
1003793
1003794
1003795
1003796
1003797
1003798
1003799
1003800
1003801
1003802
1003803
1003804
1003805
1003806
1003807
1003808
1003809
1003810
1003811
1003812
1003813
1003814
1003815
1003816
1003817
1003818
1002086
1002087
1002088
1002089
1000401
1000402
1000403
1000404
1000405
1000406
1000407
1000408
1000409
1000410
1000411
1000413
1000414
1000415
1000417
1000418
1000419
1000420
1000421
1000422
1000428
1000430
1000432
1000433
1000434
1000435
1000436
1000437
1000530
1000533
1000535
1000536
1000690
1000714
1000755
1000841
1002149
1002161
1002162
1002292
1001746
1003662
1003663
1003664
1001102
1000641
1004110
1001420
1002128
1002129
1003652
1000425
1002311
1002771
1000980
1000983
1000984
1000988
1000990
1000999
1002203
1002204
1002550
1002553
1000580
1000542
1003909
1003910
1003911
1003912
1003913
1003914
1001066
1002549
1002559
1002727
1000298
1002608
1002609
1002707
1002610
1002611
1002615
1002387
1001002
1000899
1000336
1000563
1000626
1000774
1000061
1003249
1003250
1000958
1000815
1000816
1000611
1000838
1000488
1001162
1001768
1000170
1000677
1000534
1000537
1000539
1002518
1000625
1001151
1004043
1004044
1004045
1000569
1000570
1000571
1000575
1001341
1001345
1001348
1001359
1001392
1001391
1001355
1001396
1001342
1001349
1001350
1001353
1001356
1001390
1002471
1002472
1000568
1001340
1001346
1001347
1001354
1001358
1001361
1001364
1001385
1002473
1001395
1000573
1000574
1001363
1001367
1001378
1001380
1001381
1001360
1000572
1001343
1001362
1001377
1001384
1001386
1001387
1001388
1001394
1001357
1001370
1001368
1001365
1001372
1001393
1001352
1001351
1001374
1004114
1001339
1001376
1001366
1001373
1001375
1001389
1001369
1001382
1001371
1001344
1001379
1001383
1001121
1001122
1001132
1001440
1001442
1000878
1001441
1001443
1001444
1001445
1001447
1001438
1001439
1001446
1001448
1000554
1000628
1004001
1004002
1004004
1000517
1000548
1001093
1004000
1004003
1003999
1000551
1001092
1001329
1002254
1002255
1002256
1002257
1003678
1001571
1001572
1001573
1001665
1001666
1001667
1003545
1003546
1004049
1001713
1000727
1001714
1001694
1001690
1001153
1004019
1003941
1001695
1001692
1001693
1001691
1001206
1004016
1004015
1002112
1002113
1002116
1002117
1002114
1002115
1000979
1001697
1001698
1001699
1001704
1001696
1001700
1001701
1001702
1001703
1001248
1001688
1001689
1001509
1001510
1001511
1001521
1001522
1002750
1000282
1000288
1000532
1001450
1001451
1001465
1001477
1001460
1001454
1001455
1001456
1001463
1001472
1001679
1001686
1001709
1002100
1001461
1001462
1001466
1001482
1001485
1001491
1001453
1001711
1001449
1001452
1001458
1001459
1001464
1001484
1001487
1001681
1001708
1002306
1001947
1001948
1001471
1001473
1001476
1001483
1001467
1001486
1001684
1001457
1001469
1001470
1001474
1001475
1001680
1001468
1001710
1001479
1001682
1001478
1001480
1001481
1001685
1001517
1001490
1001678
1003820
1001518
1001520
1001512
1001536
1001538
1001539
1001540
1001549
1001537
1001542
1001544
1001545
1001547
1001535
1001543
1001534
1001541
1001533
1001546
1001548
1002739
1001493
1001495
1001496
1001505
1001507
1001508
1001513
1002299
1002300
1002301
1002302
1002303
1002304
1001492
1001494
1001504
1001519
1001515
1001498
1001499
1001500
1001501
1001502
1001503
1001516
1003930
1003931
1003932
1003933
1003934
1003935
1003936
1003937
1003938
1003939
1003940
1001489
1001744
1001763
1001785
1001514
1003819
1001497
1001506
1003821
1001563
1001583
1001551
1001555
1001556
1003679
1001558
1001612
1001613
1001553
1001552
1001554
1001575
1001576
1001578
1001580
1001581
1001582
1001561
1001562
1001297
1001606
1001607
1001608
1001577
1001584
1001588
1001587
1001589
1001590
1001591
1001592
1003226
1001610
1001611
1001564
1001687
1001586
1001614
1001609
1001585
1001565
1003822
1003227
1001593
1001603
1001594
1001595
1001600
1001601
1001597
1001599
1001598
1001602
1001596
1002672
1002673
1002674
1002684
1002685
1002687
1002688
1002689
1003980
1003981
1003982
1003983
1003984
1003985
1002679
1002677
1002675
1002676
1003986
1003987
1003988
1004115
1004116
1004117
1002678
1002680
1002686
1004118
1004119
1004120
1004121
1004122
1004123
1002681
1002682
1002683
1004124
1004125
1004126
1003989
1003990
1003991
1003992
1002735
1002736
1002738
1002749
1003823
1003824
1004109
1003825
1003774
1003976
1003977
1003978
1003979
1003942
1003943
1003944
1003945
1003946
1003947
1003948
1003949
1003950
1003951
1003952
1003953
1003954
1003955
1003956
1003957
1003958
1003959
1003960
1003961
1003962
1003963
1003964
1003965
1003966
1003967
1003968
1003969
1003970
1003971
1003972
1004050
1003973
1003974
1003975
1003993
1003994
1003995
1003996
1003997
1003998
1004005
1004006
1004007
1004008
1004009
1004010
1004011
1004012
1004013
1004014
1004020
1004021
1002731
1002732
1004017
1004018
1004022
1004023
1004024
1004025
1004026
1004027
1004028
1004029
1004030
1004031
1004032
1004033
1004034
1004035
1004036
1004037
1004038
1004039
1004040
1004041
1004042
1001335
1001338
1001411
1001416
1001431
1001432
1001434
1001488
1001850
1001784
1001865
1001866
1001867
1001868
1001869
1001298
1001870
1001872
1001775
1001779
1001780
1001781
1001782
1001851
1001852
1001855
1001856
1002853
1001245
1000583
1002082
1002083
1000020
1000025
1000055
1000056
1000694
1001933
1001919
1001917
1001929
1001007
1001932
1000223
1000227
1000254
1000561
1001915
1001918
1000147
1000035
1000042
1001292
1000680
1001859
1001860
1001861
1001006
1001920
1001307
1001794
1001231
1000145
1001930
1000222
1001237
1000075
1001238
1001323
1000226
1001914
1001928
1001244
1001005
1001065
1001921
1000079
1000126
1001931
1001004
1001882
1000883
1001003
1000172
1000213
1001008
1000119
1001913
1000185
1000797
1001253
1001254
1001239
1001198
1001243
1002085
1001741
1000582
1002095
1002081
1002084
1001421
1001134
1001312
1001135
1001233
1001154
1001155
1001156
1001157
751103
751107
751106
751110
757012
757013
756804
751105
751109
756802
757006
751104
757007
757011
757002
756803
757004
751108
1000663
1000142
1000579
756518
751122
757010
757009
1001705
756901
754004
754062
751123
777001
1001252
22009
1000476
756701
756703
1000689
1000555
1000610
1000541
720001
720004
720002
721505
720003
721506
720010
1000538
1000543
1000544
1002870
721501
721503
721502
721504
710001
1000081
1000489
740001
740002
740004
740003
740005
754006
700001
1001117
1000659
1000265
795009
1000853
1000660
1000662
30010
790002
752021
1000963
1000964
1000965
1000966
1000633
1000717
1001569
1001706
750004
1001670
750002
1000469
750019
750018
751128
1001672
751134
751127
1001673
1001674
750030
750035
750006
1001671
750008
750025
1001675
751118
1001676
1001677
750024
751112
1001566
1001567
1001568
751111
751132
751133
1000565
1000564
1001570
750003
1001190
1001187
1001668
1000518
1001892
1000398
1000396
1002080
1001330
1000750
1000642
1000400
1000397
1002090
10033
756512
750041
750040
751004
756604
756601
755015
21018
750049
750009
752001
752003
22008
752005
1001241
29801
29802
29803
29804
29805
29810
29601
29609
1002110
29809
29815
29816
29817
29818
29819
29806
29811
29808
29812
29813
29603
29605
29807
29814
29607
29602
29606
29608
29617
29604
29505
29504
29511
29503
29612
29513
29501
29502
29506
29507
29509
1001293
29508
29820
1001952
1000730
1000431
1000875
1001242
29821
29616
29615
29613
1000754
1000669
1000709
1001957
1000974
21019
28901
22007
28917
1002495
1003503
1003504
1003530
1003533
1003485
1003515
1003518
1003488
1003491
1003512
1003542
1003536
1003506
1003509
1003437
1003539
1003416
1003505
1003473
1003497
1003500
1003531
1003534
1003486
1003516
1003519
1003489
1003492
1002065
1003513
1003543
1003537
1003507
1003510
1003482
1003527
1003438
1003458
1003521
1003540
1003417
1003428
1003440
1003476
1003455
1003461
1003467
1003470
1003474
1003524
1003419
1003443
1003449
1003498
1003501
1003452
1003464
1003479
1003532
1003535
1003410
1003413
1003446
1003487
1003517
1003520
1003490
1003493
1003494
1003514
1003544
1003538
1003508
1003511
1003483
1003528
1003439
1003459
1003522
1003541
1003418
1003429
1003441
1003477
1003456
1003462
1003468
1003471
1003475
1003525
1002058
1002060
1003420
1003444
1003450
1002061
1003499
1003502
1003401
1003453
1003465
1003480
1002062
1000623
1003411
1003414
1003447
1000015
1002064
1002056
25913
1002068
1003495
1002057
1002059
1003484
1003404
1003407
1003529
1002070
1003460
1003523
1002066
1002052
1003430
1003442
1003478
1003457
1003463
1003469
1003472
1002051
1003526
1003421
1003445
1003451
1002067
1002069
1003402
1003454
1003466
1003481
1003386
1003412
1003415
1003448
25914
1001811
1003380
1003383
1003398
1003434
1003496
1003405
1003408
1001331
1001748
1002886
1003374
1003377
1003392
1001230
1003431
1001223
1001808
1001228
1001226
1001227
1001224
1002050
1003422
1003425
1001229
1001334
1001222
1003403
1002054
1001214
1001333
1003368
1003371
1003387
1002053
1002055
1001225
1001160
1003375
1003381
1003384
1003399
1003435
1001332
1003406
1003409
1000991
1001817
1002657
1002883
1002892
1003378
1003393
1003432
1000656
1000029
1003369
1003372
1003376
1003388
1003423
1003426
1001161
1003382
1003385
1003400
1003436
1001217
1001219
1000120
1001158
1001877
1002880
1002884
1002893
1003370
1003373
1000463
1003379
1000804
1003394
1003433
1001165
1000654
1000655
27932
1003424
1003427
1000653
1000470
1001159
1002656
1002881
1002885
28080
1000177
1000645
1001221
1001218
1001215
1000644
1000807
1001213
1000651
1000652
1000454
1000684
1000144
1003395
1003396
1003389
1003397
1003390
1002894
1003365
1001216
1003362
1003366
1003391
1003364
1003367
1001220
1000649
1000650
1003233
1003232
1002074
1003235
1003234
1002072
1003237
1003236
1002073
1003239
1003238
1002071
1003241
1003240
1002075
1003243
1003242
1002076
749003
749007
749101
749201
749203
1000028
1000030
1000034
1000085
1000112
1000174
1000175
1000228
1000229
1000230
1000304
1000320
1000377
1000392
1000448
25921
26015
26016
26034
30016
26011
1001814
1000627
22006
25922
1001783
1001615
1001616
1001617
1001618
1001619
1001620
1001621
1001622
1001623
1001624
1001625
1001626
1001627
1001628
1001629
1001630
1001631
1001632
1001633
1001634
1001635
1001636
1001637
1001638
1001639
1001640
1001641
1001642
1001643
1001644
1001645
1001646
1001647
1001648
1001649
1001650
1001651
1001652
1001653
1001654
1001655
1001656
1001657
1001658
1001659
1001660
1001661
1001662
1001663
1001664
1001175
1001260
1001308
1001324
1001336
1001433
1001712
1001749
1001789
1001858
1002631
1002632
1003772
1003773
1003915
1002096
1002519
1000309
1002063
1002782
1002783
1003650
1003651
1002827
1002828
1002829
1002830
1002831
1002832
1002833
1002834
1002835
1002836
1003547
1003548
1003549
1003550
1003551
1003552
1003553
1003554
1003555
1003556
1003557
1003558
1003559
1003560
1003561
1003562
1003563
1003564
1003565
1003566
1003567
1003568
1003569
1003570
1003571
1003572
1003573
1003574
1003575
1003576
1003577
1003578
1003579
1003580
1003581
1003582
1003583
1003584
1003585
1003586
1003587
1003588
1003589
1003590
1003591
1003592
1003593
1003594
1003595
1003596
1003597
1003598
1003599
1003600
1003601
1003602
1003603
1003604
1003605
1003606
1003607
1003608
1003609
1003610
1003611
1003612
1003613
1003614
1003615
1003616
1003617
1003618
1003619
1003620
1003621
1003622
1003623
1003624
1003625
1003626
1003627
1003628
1003629
1003630
1003631
1003632
1003633
1003634
1003635
1003636
1003637
1003638
1003639
1003640
1003641
1003642
1002784
1002819
1002820
1002821
1002825
1002826
1003827
1004112
6001
6002
6005
6003
1003835
1003852
1003853
1003854
1002755
1002756
1002779
1002380
802261
1002260
1000888
1000863
1002985
1002250
1001176
30051
802353
802923
1000728
802926
802927
1000798
1000973
1000707
30041
30059
30064
1002294
1000514
1000581
1000151
1001197
1002271
1002272
1002273
1002378
1001309
1001310
1001311
1001764
1001765
1001766
1000497
1002524
1002500
1002709
1002713
1002788
1002789
1002790
1000723
1003666
1003667
1001249
1
1000952
103
101
102
1000629
104
105
53
10021720
11
12
13
14
15
1000547
1002198
30022
1000485
1002971
1003735
1003756
1000658
1001754
1001753
1001755
1001759
1003749
2
1003828
1003830
1003831
1003832
1003833
1003834
1003851
1000595
1002379
1003775
70010
800047
800174
802345
802346
802347
1000862
1000864
1000234
1001189
1000997
1001835
1000577
1000857
1000391
1002986
1002634
1002526
1002566
1002582
1002588
1002988
1003257
1002537
1002536
1000105
1003251
1003253
1003255
1003258
1002502
1000584
1000459
1000393
1000776
1000466
1001847
1002728
1002729
1002730
802453
802942
1000540
1000817
1002567
1002854
1003826
1000148
1000558
1001418
1000559
1001291
1001337
1001745
1001776
1001857
1003697
1001846
1001774
1001879
1001803
1000959
1000960
1000961
1000962
1000969
1000630
1002493
1002590
1002560
1002616
1002801
1000706
1001528
1002516
1002547
1003282
1003283
1001751
1001752
1002577
1002586
1002757
1002987
1003252
1003254
1003256
1002322
1002415
1002475
1002968
1003645
1003665
1003669
1003670
1003671
1003676
1003677
1003680
1003681
1003682
1003683
1003684
1003689
1003690
1003694
1003695
1003703
1003704
1003705
1003706
1003707
1003708
1003709
1003710
1003711
1003712
1003713
1003716
1003717
1002576
1002581
1000550
1002584
1002585
1002589
1002593
1002597
1002600
1002604
1002637
1002640
1002646
1002647
1002482
1002652
1002655
1002763
1002765
1002767
1000676
1001255
1001302
1001303
1000188
1002504
1002511
1002512
1002513
1002514
1002515
1002517
1000856
1002889
1003829
1002781
1003644
1003646
1003647
1003701
1003648
1000016
1003657
1003836
1003837
1002802
1002840
1003748
1003757
14510
14511
1000231
1000232
1000233
4334
4335
4336
4344
4377
1000493
1000386
1000387
1000388
1000271
1003658
1003659
1003660
1001529
1002218
1002289
1002290
1002295
1000566
1002313
1002314
1002315
1002316
1002317
1002318
1002319
1002183
1002321
1002323
1002324
1002325
1002326
1002327
1002328
1002392
1002393
1002394
1002332
1002333
1002334
1002335
1002336
1002337
1002338
1002339
1002340
1002342
1002343
1000767
1002344
1000772
1000837
1000955
1001074
1002424
1002425
1002426
1002427
1002428
1001075
1001076
1001078
1001079
1001080
1001089
1002185
1002259
1002346
1002347
1002348
1002349
1002350
1002351
1002352
1002353
1002320
1002354
1002356
1000739
1000740
1000741
1000748
1000749
1002361
1002362
1002363
1002364
1002466
1002468
1002469
1002357
1002470
1002375
1002391
1002376
1002377
1002477
1002442
1002443
1002444
1002445
1002446
1002447
1002448
1002449
1002450
1002451
1002452
1002453
1002454
1002612
1002613
1002614
1002370
1002372
1002374
1002381
1002382
1002383
1002400
1002401
1002402
1002403
1002404
1002405
1002432
1002434
1002435
1002437
1002438
1002458
1002459
1002561
1002562
1002563
1002564
1002565
1002619
1002620
1002621
1002622
1002623
1002624
1002506
1002384
1001081
1002397
1002398
1002329
1002330
1002331
1002399
1002417
1002418
1002407
1002408
1002409
1002410
1002411
1002412
1002413
1002414
1002460
1002461
1002419
1002420
1002421
1002422
1002423
1002429
1002430
1002431
1002439
1002455
1002457
1002462
1002463
1002464
1002465
1000764
1000765
1002507
1002508
1002533
1002572
1002573
1002575
1002486
1002487
1002488
1002607
1002617
1002618
1002630
1002633
1002635
1002440
1002441
1002591
1002595
1002598
1002601
1002605
1002638
1002641
1002663
1002664
1002665
1002666
1002667
1002668
1002669
1002670
1002671
1002690
1002691
1003744
1003745
1003746
1002989
1002990
1002991
1002992
1002993
1002994
1002995
1002996
1002997
1002998
1002999
1003000
1003001
1003002
1003003
1003004
1003005
1003006
1003007
1003008
1003009
1003010
1003011
1003012
1003013
1003014
1003015
1003016
1003017
1003018
1003019
1003020
1003021
1003022
1003023
1003024
1003025
1003026
1003027
1003028
1003029
1003030
1003031
1003032
1003033
1003034
1003035
1003036
1003037
1003038
1003039
1003040
1003041
1003042
1003043
1003044
1003045
1003046
1003047
1003048
1003049
1003050
1003051
1003052
1003053
1003054
1003055
1003056
1003057
1003058
1003059
1003060
1003061
1003062
1003063
1003064
1003065
1003066
1003067
1003068
1003069
1003070
1003071
1003072
1003073
1003074
1003075
1003076
1003077
1003078
1003079
1003080
1003081
1003082
1003083
1003084
1003085
1003086
1003087
1003088
1003089
1003090
1003091
1003092
1003093
1003094
1003095
1003096
1003097
1003098
1003099
1003100
1003101
1003102
1003103
1003104
1003105
1003106
1003107
1003108
1003109
1003110
1003111
1003112
1003113
1003114
1003115
1003116
1003117
1003118
1003119
1003120
1003121
1003122
1003123
1003124
1003125
1003126
1003127
1003128
1003129
1003130
1003131
1003132
1003133
1003134
1003135
1003136
1003137
1003138
1003139
1003140
1003141
1003142
1003143
1003144
1003838
1003839
1003840
1003841
1003842
1003920
1003843
1003844
1003845
1003846
1003847
1003921
1001170
1000146
1000859
1001605
1001740
1000389
1000390
1003363
1000329
1000529
1000064
1002857
1003755
801001
802204
1001762
1002860
1002861
1002868
1002869
1001954
1003145
1003146
1003147
1003148
1003149
1003150
1003151
1003152
1003153
1003154
1003155
1003156
1003157
1003158
1003159
1003160
1003161
1003162
1003163
1003164
1003329
1003330
1003331
1003332
1003333
1003334
1003335
1003336
1003172
1003173
1003174
1003175
1003176
1003177
1003178
1003179
1003180
1003181
1001778
1003182
1003183
1003184
1003185
1003186
1003187
1002872
1002873
1002874
1002875
1002876
1002879
1002882
1002888
1002895
1002917
1002918
1002919
1002956
1002957
1002958
1002959
1002960
1002961
1002962
1002963
1002964
1002965
1002966
1002967
1004361
1004362
75001
75002
75000
1000822
1000823
1000339
1000552
1000693
1000721
1000751
1000752
1000423
1000753
1000812
1000814
1000830
1000831
1000832
1000833
1000834
1000835
1000836
1000847
1000848
1000849
1000850
1000851
1000852
1001186
1001430
1001707
1001767
1001813
1001838
1001960
1001961
1001962
1001963
1001964
1001965
1001966
1001967
1001968
1001969
1001970
1001971
1001972
1001973
1001974
1001975
1001976
1001977
1001978
1001979
1001980
1001981
1001982
1001983
1001984
1001985
1001986
1001987
1001988
1001989
1001990
1001991
1001992
1001993
1001994
1001995
1001996
1001997
1001998
1001999
1002000
1002001
1002002
1002003
1002004
1002005
1002006
1002007
1002008
1002009
1002010
1002011
1002012
1002013
1002014
1002015
1002016
1002017
1002018
1002019
1002020
1002021
1002022
1002023
1002024
1002025
1002026
1002027
1002028
1000820
1000824
1000825
1000826
1000827
1000828
1000829
1000929
1000930
1000931
1000932
1000933
1000934
1000935
1000936
1000937
1000938
1000939
1000940
1000941
1000942
1000943
1000944
1000945
1000946
1000947
1000948
1000949
1000950
1000951
1001550
1002029
1002030
1002031
1002032
1002033
1002034
1002035
1002036
1002037
1002038
1002039
1002040
1002041
1002042
1002043
1002044
1002045
1002046
1002047
75100
1002258
1003225
80003
80413
1001854
1000976
1000977
80505
80510
80509
1001885
80529
80412
1003768
1000257
1000076
1000071
1000072
1000087
1000244
1000169
1000235
1000199
1000158
80812
1000508
1000523
1000507
1000480
1000122
1000141
1000483
1000154
1000038
1000986
1000775
1000441
1000503
1000450
1000338
1000510
1000455
1000492
1000452
1000150
1000453
1000445
1000506
1001077
1000502
1000954
1000620
1000636
1000673
1000501
1000704
1000719
1000687
1000557
1000616
1000527
1000622
80001
1000504
1000505
1001130
1000585
1000617
1000705
1000701
80406
1000956
1000860
1000881
1000819
1000968
1001060
1002712
1002714
1002773
1002774
1002775
1002776
1002777
1002778
1000190
1002780
1002746
1002525
1002528
1002529
1002530
1001423
1002388
1002390
1002478
1002479
1000733
1000734
1002558
1002481
1002596
1002483
1002639
1002642
1002762
1002489
1002769
1002856
1002859
1002877
1002803
1002494
1002531
1002878
1002480
1002890
1002891
1003696
1002649
1002804
1002650
1003719
1003720
1003721
1003722
1003723
1003724
1002534
1002490
1003725
1003726
1002648
1003727
1002532
1002651
1002568
1002570
1002571
1002574
1002579
1003728
1003729
1000426
1001436
1003758
1003730
1003731
1003732
1003733
1003734
1002541
1002544
1002545
1002546
1003228
1002594
1002643
1002644
1002645
1003736
1003737
1003738
1003739
1002653
1003740
1003741
1002654
1003742
1003743
1002527
1002551
1001525
1003266
1003267
1003268
1003269
1003270
1003271
1003272
1003273
1003274
1003275
1003276
1003277
1003278
1003279
1003280
1003360
1003361
1002785
1002791
1002810
1002794
1002797
1002807
1002813
1002816
1002747
1002822
1002752
1002837
1001424
1002167
1002497
1002786
1002792
1002811
1002795
1002798
1002808
1002814
1002817
1002748
1002823
1002753
1002838
1001425
1002389
1002498
1002787
1002793
1002812
1002796
1002799
1002809
1002815
1002818
1002751
1002824
1002754
1002839
1001426
1002467
1002499
1002896
1002899
1002902
1002905
1002908
1002911
1002914
1003759
1003762
1003765
1002953
1003229
1002920
1002923
1002926
1002929
1002932
1002935
1002938
1002941
1002944
1002947
1002950
1002520
1002662
1002538
1002897
1002900
1002903
1002906
1002909
1002912
1002915
1003760
1003763
1003766
1002954
1003230
1002921
1002924
1002927
1002930
1002933
1002936
1002939
1002942
1002945
1002948
1002951
1002521
1000449
1000861
1002898
1002901
1002904
1002907
1002910
1002913
1002916
1003761
1003764
1003767
1002955
1003231
1002922
1002925
1002928
1002931
1002934
1002937
1002940
1002943
1002946
1002949
1002952
1002522
1000531
1000890
1003281
1003290
1003291
1001067
1002863
1002865
1002866
1002867
1004205
1002862
1002969
1002970
1002972
1002973
1002974
1002975
1002976
1002977
1002978
1002979
1002980
1002981
1002982
1002509
1002523
1002539
1002548
1002569
1002764
1002766
1002848
1002583
1002580
1002592
1003715
1003668
1002552
1002602
1002805
1002658
1002659
1002660
1002843
1002849
1002852
1003685
1002578
1003686
1002887
1000121
1002542
1002845
1002554
1002841
1003699
1003691
1003718
1003702
1003692
1002858
1002606
1003700
1003714
1001893
1002496
1002855
1002510
752751
53001
1001836
1001837
1001839
1001840
1001139
1001140
1001173
1001235
1001247
1001397
1001398
1001399
1000327
1000516
1000562
1000722
1000724
1000725
1000731
1001777
756513
1001843
1001769
1002252
1000634
1001959
1002138
1002139
1002199
1002200
1002142
1002201
1002202
1002145
1002146
1002150
1002151
1002152
1002153
1002154
1002155
1002157
1002160
1002164
1002165
1002168
1002169
1003918
1000060
1000898
1000905
1001194
1002251
1002298
1002163
1002156
1002159
1002166
1002140
1000989
1002543
1003661
1003919
1002174
19994
19995
19996
1000000
1000001
1000002
1000003
1000004
1000084
1000256
1000281
1001090
1002312
1002341
1002345
1002355
1002371
1002373
1002385
1002077
1002396
1002433
1002436
1002456
1002474
1002540
1002266
1000667
1000646
1000648
1000661
1000702
1000668
1000602
1000608
1000619
1000598
1000612
1000603
1000643
1000703
1000666
1000647
1000615
1000600
1000607
1000596
1000671
1000672
1000597
1000618
1000674
1000670
1000638
1001240
1001799
1001801
1001802
1001725
1001736
1001737
1001718
1001733
1001719
1000664
1000665
1001726
1001734
1001738
1001715
1001716
1001727
1001732
1001739
1001724
1001731
1001735
1001728
1001720
1001729
1001730
1001717
1001723
1001722
1001721
1002262
1002263
1002264
1002265
1000062
1001916
803024
803025
803026
803032
803033
803034
1002144
1002171
1002205
1002206
1002207
1002208
1002209
1002210
1002211
1002212
1002213
1002395
1002079
803011
803012
803013
803021
803022
803023
803031
803041
1001100
1001101
1001182
1000972
1002253
8509
8502
8501
8506
391518541
1003220
391518536
391518545
620011
620010
620002
795053
795052
620004
8505
391518523
391518537
1001875
1003221
391518539
391518546
8801
610015
610014
1001097
1000549
1001104
610002
795042
1001099
1001103
610004
795041
1001816
1002133
8504
391518540
391518521
1002291
1003222
600005
1000478
1003698
391518544
391518535
600003
1001936
600002
1000412
600001
1000484
1000479
1000806
2112018
2111015
113034
111200
1000208
111201
112065
112066
112073
1000209
112075
112077
113643
2112028
2076353107
2133054
2133142
2133053
122006
123019
102002
102003
111186
1004365
2113200
111190
112034
112035
112042
112067
112068
113641
113642
2111020
2111021
2111022
2111023
2111060
2111117
2114072
2133064
2133074
2133083
113688
2114048
111105
111111
112069
112080
114523
2111085
2111086
2111087
2112027
2133078
114604
111148
114298
114299
114301
114438
114439
114443
114458
114459
114471
2111106
114465
114437
114442
114464
114361
114430
114478
113035
114428
114462
111109
111110
111150
113468
113469
113479
113480
113481
113483
113503
114342
114343
114344
114347
114350
114353
114341
114431
114432
1000204
114463
114476
114477
2111064
2111066
2113233
2114007
2114008
2114009
2114034
2114036
2114058
2114059
2114083
2114093
2133052
114503
114504
114507
114460
2114049
114468
1000867
1000896
1000902
1000903
1000735
1002127
113478
1000385
1003693
1000821
124033
121015
121061
123164
2104030
104053
104093
104096
104107
104122
104130
104137
104144
2104029
2104041
1002107
1001001
113673
114561
114588
1000333
114328
2114108
114596
111113
113145
113506
113508
113585
113586
113612
113697
114323
114324
114325
114327
114329
1004366
114339
114340
114355
114356
114357
114358
114359
1004367
114360
114362
114370
114479
114480
114481
114482
114483
114484
114485
114486
114513
114514
114516
114527
114528
114530
114545
2111063
2111089
2111097
2111098
2113146
2113168
2114005
2114006
2114010
2114011
2114012
2114041
2114042
2114043
2114044
2114045
2114046
2114060
2114061
1000214
2114063
1000206
2114065
2114066
2114069
2114079
2114080
2114081
2114082
2114085
2114087
2114088
2114090
2114091
2114096
2114098
2114099
2114100
2114102
2114106
2114107
2114114
2114115
2114116
2114119
2133141
114415
114418
114505
2114117
114495
114539
114605
1002485
1001786
134048
134015
134013
133188
133275
123201
123325
124020
123099
123315
124005
124051
124055
124056
124057
2133085
1000332
104089
103005
104014
1000036
104030
104073
104074
104083
104084
104118
104143
104148
2104023
2104033
2104039
2104042
114336
114562
114493
114529
114556
114566
113498
113572
113705
114337
114338
114461
114512
114524
114526
114533
114537
114540
114541
114542
1000865
1000866
114544
114553
114554
114557
114560
114563
114564
114568
114570
114572
114573
114574
114575
114576
114580
114581
114582
114583
114587
114613
114615
114619
2114068
2114084
2114086
2114089
2114092
2114094
2114097
2114101
2114103
2114104
2114105
2133065
2133067
2133069
2133073
2133075
2133093
2133095
2133097
2133098
2133104
2133105
2133106
1000186
1000283
1000720
1000189
1000284
114398
114414
114416
114419
114421
114423
114555
114558
114559
114565
2114118
1004368
2114120
114578
114579
114494
114531
114532
114536
114577
114608
114609
114610
114496
114569
114611
114534
114571
114607
114535
1000128
1000065
1000077
1000093
1000113
1000129
1000130
2114112
1000159
1000160
1000161
1000240
1000241
1000762
1000477
1000468
1001087
1001195
1000162
1000163
1000165
1000166
1000192
1000193
1000194
1000195
1000205
1000215
1000216
1000217
1000218
1000486
1000350
1000351
1000352
1000367
1000777
1000778
1000779
1000780
1000781
1000782
1000783
1000784
1000785
1000786
1001141
1001142
1001143
1001144
1001164
1001171
1001256
1001261
1001262
1001263
1001264
1001265
1001266
1001267
1001268
1001269
1001270
1001271
1001272
1001273
1001274
1001275
1001276
1001277
1001278
1001848
1000319
1001926
1001313
1001950
1000356
134030
134049
134050
134054
1000044
1000094
1000520
1000354
1000787
1000472
124023
123133
123257
124029
124050
124059
124061
124063
124064
2133077
2133145
2133148
1000114
1000353
1001279
1000473
9400
104056
104079
104140
104155
104165
2104032
104048
104090
104105
104135
104136
104138
104149
104150
104151
104154
104159
104160
104161
2104024
2104027
2104031
2104034
2104035
2104038
2104040
2133079
2133090
2133115
2133144
2133199
1000091
1000092
1000799
1000800
1000801
1000788
1000789
1000790
1000791
1000792
1001280
1001281
1001282
1001283
1001137
1001082
1000467
1000998
1000376
113646
113459
1000759
113029
113800
113801
113802
1002108
113581
2113187
111233
113032
113484
113485
113577
113578
113580
113582
113584
113588
113589
113590
113591
113592
113593
2113098
2113192
2113210
113575
113579
113500
113648
113746
1001886
113512
113741
1000873
1000889
1002296
1002983
133126
133204
1223655963
133049
133082
133164
1000995
133171
548500852
133225
133279
12304
603025121
132006
133029
133033
133036
133196
133224
72407918
1830330393
1002276
1002277
133226
133240
133270
133271
307120826
133307
133309
133312
134009
2133016
2133018
2133020
2133030
2133134
2133146
133280
133302
2133149
1001922
1002365
1000996
123177
123244
123248
123144
123072
123167
123220
123296
1002719
123150
123008
123013
123097
123033
123038
123157
123184
123195
123242
123243
1002109
123280
123283
123297
123321
123328
123334
123373
1163784
123148
123294
1081266995
1000879
1002984
103041
103065
1163355
103036
103088
2133136
2133138
103057
1001105
1000464
1003264
2133057
113653
113663
113699
113700
2113186
2113156
12204
12205
12206
12207
12208
12209
113424
113425
113428
113429
113430
113432
113434
113450
113451
113452
113453
113454
113455
113457
1000695
113523
113573
113574
113587
113597
113662
113664
113665
113666
113667
113668
113690
113691
113692
1000207
113693
113694
1000197
113701
113702
113707
113708
113709
113713
113714
113715
113716
113717
113752
113776
113785
1163781
2113169
2113184
2113155
2113157
2113158
2113159
2113160
2113161
1002720
2113164
2113165
2113188
2113189
2113194
2113195
2113202
2113203
2113205
2113207
2113208
2113231
113711
113712
113733
1163701
113550
113510
113511
1002111
133040
133118
133330
133333
133347
133328
2133015
2133060
2133068
2133203
133088
133038
133166
131027
133023
133024
133067
133092
133175
133199
133243
133251
133253
133258
133295
133304
1000471
2133050
133249
133261
133308
133324
2133033
2133046
133351
133022
12303
653811650
132007
132008
133001
133005
133013
133035
133037
133054
133061
133070
133089
133124
133140
133193
133197
133202
133205
133206
133227
1000117
1000136
133229
133235
133236
133241
133242
1001790
133254
133256
133259
133260
133262
133263
133274
133281
133284
133288
133294
133296
133297
133298
133299
133300
133301
133305
133310
133321
133322
133323
133327
133350
133352
133353
134022
134023
134052
2133012
2133013
2133022
1000067
2133025
2133028
2133040
2133041
2133043
2133140
133146
1000173
1001179
123053
123061
123070
123119
123027
123146
123183
123193
123212
123227
123246
123295
123333
123337
123368
123374
12403
121006
121007
121008
121009
123014
123018
123043
123052
123055
123064
123069
123077
123084
123101
123104
123106
123110
123112
123113
123024
1517182727
123031
123040
123151
1623232302
123152
123155
123169
123181
123197
123203
123209
123211
123219
2019832942
123221
123224
1133297555
123228
123229
123247
123251
123252
123261
123267
123274
123288
123289
123291
123301
123318
123332
123344
123356
123360
124019
2133086
2133127
123117
1000046
1000813
1002587
1000736
396540194
2053286856
1000369
103047
103049
103033
113710
113780
113788
2113108
2113183
113791
113770
111218
113008
113098
113426
113427
113431
113433
113435
113436
113456
113495
113499
113502
113568
113569
113570
113571
113647
113650
113657
113671
113698
113704
113725
113730
113736
113748
113749
113750
113765
113771
113772
113773
113775
113777
113778
113779
113781
113782
113786
113787
113789
113790
113798
2113099
2113124
2113125
2113170
2113171
2113172
2113173
2113174
2113175
2113176
2113177
2113178
2113179
2113180
2113181
2113182
2113185
2113144
2113145
2113162
2113166
2113167
2113190
2113197
2113198
2113199
2113201
2113204
2133081
2133094
2133096
2133099
2133100
2133102
2133103
2133107
2133109
2133172
2133174
2133177
113767
113792
2113123
113496
113497
113719
113768
2133082
113654
113659
113660
113718
113721
113722
113723
113724
113732
113735
113737
113738
113760
113763
113764
113774
113720
113731
113739
113762
113769
114473
113655
113729
113761
113751
2113100
2113101
2113102
2133108
1000132
1000045
1000066
1000078
1000095
1000096
1000116
1000133
1000134
1000345
1000346
1000347
1000348
1000355
1000357
1000024
1000901
1001174
1000358
1000384
1000458
1000743
1000744
1000745
1000746
1001178
1001742
1001743
1001770
1001771
1001284
1001285
1001286
1001287
1001288
1001289
1001290
1001306
1001317
1001318
1001757
1001758
1001760
1001800
1001806
1001807
1001876
1002267
1004369
1002603
133276
133311
2133024
2133029
2133031
2133034
2133036
2133084
133041
133337
133338
133344
2133035
133007
133138
133168
133183
133184
133210
133213
133266
133291
133325
133326
133329
133335
133336
134006
134028
1163785
2133017
2133019
2133032
2133037
2133042
2133044
2133048
2133051
2133070
2133091
2133124
2133125
2133162
2133166
2133201
1171111484
1000243
1000359
1000368
1000457
1001809
1001853
1001863
1001864
1001871
1001873
1001878
1001880
1002359
123065
123078
123020
123168
123282
123305
123358
124008
12404
1561082555
123017
123044
123068
123122
123126
123035
123139
123205
123215
123216
123222
1000039
123260
123269
123270
123286
123292
123293
123302
123303
123304
123306
123307
123308
123313
123314
123317
123323
1606223798
123352
123354
123355
123357
123359
123365
123366
124032
1000033
2133066
2133071
2133080
2133087
2133088
2133089
2133131
2133133
2133126
2133139
2133143
2133160
2133165
207071708
131106998
2600050
2133153
1000196
1000097
1000135
1000180
1000219
1000375
1000447
1000456
1000793
1000794
1000808
1001881
1001883
1001401
1001322
1001941
1001942
1001943
1001944
1001945
103060
103070
103096
103104
103105
1002625
1000115
1000131
2133200
2133202
1000809
1000810
1001955
1001956
1001874
1000373
1001891
111193
111252
111191
111205
1000869
1001526
111039
2111053
1000818
111254
1000302
2058140396
1002278
1002279
1002280
2111056
111130
1608016770
111217
1002274
1002275
1002281
1002119
2111055
2111093
1876071146
1000041
1000897
1002476
1002366
1002367
1002758
134060
131039
131029
1163503
2131004
1000140
131006
1817529193
2131009
364307754
1002733
1000334
1000871
1002368
124077
1000870
121054
121056
123160
1001787
123312
123316
121060
121025
121024
1002734
1000280
121010
1000139
1002369
101003
101027
14406
663954313
101148
2101015
1000696
1000697
101142
2101010
2101013
2101014
1000868
1000378
2131007
101018
2101040
1000047
1000098
1000763
1000904
1002091
1002092
1001172
1002626
111099
111256
2111058
1000698
1000699
14102
14104
717967359
111098
111100
111101
1002556
111128
15724234
111129
1777388687
111131
1783496750
111132
985752493
111133
168348564
111134
1161943162
111135
1706487241
111136
358535569
111137
241185986
111166
111167
111170
111194
111196
111197
111198
111199
111219
111228
111229
111230
111231
111241
111242
111243
112079
2111062
1000210
1000211
1002627
1002628
2111094
778010658
2111095
2111096
2111102
2111105
111010
2111057
1000371
1003261
1003262
1003263
131009
2133027
1000700
1000718
2131005
1002120
131026
131021
133292
121059
1651409807
1002737
121014
121022
121027
121032
121072
123136
124075
121029
1002629
1002661
2133062
2133063
14411
421702358
817864642
14402
1000487
101114
2101005
2101031
101046
101073
101125
101135
101136
101139
101141
102004
103010
104185
2101012
2101034
2101041
1000137
1002126
1000635
1002386
2139742131
111103
111247
2111113
14103
1797763897
111040
111086
111087
111102
111104
111106
111107
111115
111116
111138
1624616903
111139
991362150
111140
2093797664
111141
725927704
111142
1818402956
111143
372030540
111144
1605136458
1732262875
111145
1467029611
111146
1865534197
111188
111189
111202
1000212
111203
111204
111232
111236
111237
111238
111239
111240
111246
113525
114630
114633
2111019
2111024
2111025
2111026
2111059
2111061
2111092
2111104
2111100
2111101
2111114
2111115
2111116
2113191
2600047
1000138
1000048
1000069
1000099
2133056
1001169
1000839
1000322
1001180
1004370
1001403
1001404
1001405
1001406
1001407
1001408
1001409
1001410
1001412
1001414
1001415
1002416
1002636
1001946
1002759
1004371
1002760
2600049
1000101
1000365
121057
124073
121055
121065
121067
121068
124076
1000100
1000167
1000168
1000191
1000364
1002740
1001181
1001958
14403
14404
1657061401
14407
1933331018
14412
14413
1001756
101057
101097
2101019
2101025
1483457479
1000446
2101039
101012
1001527
101013
101015
101016
101031
101034
101049
1098923719
101058
101059
101062
101068
101077
1000220
101098
101105
101109
101113
101115
101120
101137
104120
2101003
2101004
2101020
2101022
603466718
2101023
826724264
2101026
1471558076
2101027
2048616564
2101028
1697671129
2101030
2101032
2101036
2101038
2133132
2600048
101112
1000040
1000068
1000360
1000361
1000362
1000363
1000621
1002360
114590
1000276
134056
124067
9401
2113206
9103
1000273
1000275
9201
9302
104132
1165011
2114095
114595
114354
111108
1002134
1000330
1000279
1000032
1001940
1002135
1000203
114606
2114004
1000187
1000278
1000335
134057
1000341
2133137
1000263
1003769
104139
104028
1003770
104015
1000127
1001259
1001131
1001133
1002800
123320
12217
1000289
1000293
1000270
133348
1003223
12408
12407
103023
113561
2113218
113023
1000290
12306
133178
12412
12406
123279
121050
1000005
114623
12218
113742
1163551
111050
114624
2113196
1000291
1000292
1000342
1000294
133076
133192
2133023
133172
133011
2131008
133097
133237
12410
123240
123329
2133150
1000438
1000509
1000474
1002270
1000344
12219
1000882
1000295
1003284
131050
12309
133044
133121
133203
133117
133269
133201
133043
2133059
2133045
123041
12414
12411
123137
124071
123370
103094
113672
1163044
1000297
1000296
12311
12312
133346
133009
1163046
12413
124069
123036
1163045
104175
104176
1000264
1003771
1163251
1000678
1002101
133072
113460
1000884
1000892
1000885
1000893
2600036
1000012
1000895
1000010
1000894
1000008
1000011
1000107
1001559
1001579
1000009
1001532
1000679
1001560
1000031
133128
1000108
1001557
1000043
1002297
1163051
133034
123324
14109
1000057
111253
1000299
1000310
1000301
131046
1000059
131002
1000900
14304
14305
1000058
121071
14415
1000906
111214
111257
14101
114521
8700
2111099
1000225
1004047
1000268
1000287
1000300
1000311
1000315
1000306
1000383
131040
14202
1000382
121081
121026
1000381
14301
14302
121069
124074
1004048
14401
14416
14405
101078
103029
2101011
1164512
1000052
1000305
1000285
1002283
14201
131007
131001
1001328
12307
131041
1000054
121017
1001327
2133058
1000053
101138
101090
101056
14417
101008
1001325
101117
1000051
113696
2111103
1000312
1000313
131022
131042
131013
121013
121042
121043
2101033
101122
2101021
101011
1000732
101001
121070
2101016
1001810
101014
1000953
1000981
131023
131024
1000872
1000985
1000992
111168
111169
1000978
1000681
1000682
1000982
121033
121034
1000840
1000987
1000874
101101
101102
1000993
2600012
1000685
2600032
2600043
2600030
1000886
1000805
2600045
1000769
1000891
1000255
1000111
2600046
1000887
1000013
1000686
14300
14400
2600019
1000802
1000842
1000110
14200
2600031
1001326
111249
111005
1164002
1000246
2062522806
2133055
1002761
1001402
1001413
111187
2133205
1163809
1002358
113524
114640
1002282
1163002
2113163
2133173
2133101
111151
1001177
114300
1000164
1000179
114326
1002268
1165010
1000021
1001400
1000380
1001236
1000771
1000143
1000236
1002122
2133182
1000221
1001184
1000073
1000247
2133193
1001258
1000007
1002768
101111
101048
1000624
1001951
1003211
101009
1001927
1918672776
1002484
1002143
12506
1002505
14500
14501
101053
1000340
14507
333963940
1000349
2133151
2133206
1000200
9402
104106
1001949
1001009
1001250
1001300
2133190
1001000
1000248
2133207
1000259
1001199
2131006
1000181
1001191
1000074
1001145
1000249
1001296
2133208
133020
1000343
1000971
1000321
1000274
1003674
1001531
1000444
1000715
1000325
1000331
1000324
1001574
1003675
1003286
1002742
1000326
1000846
1000318
1000576
1001061
1000198
1001750
1000443
1000716
1000970
1000708
1003750
1003751
1000102
1000037
1000202
356742259
1001129
1002864
1003248
950017
950018
950019
950024
950035
1000726
950042
950053
950056
950066
950068
14900
1000109
1180141522
950074
950075
950043
1000104
1000262
1000495
1000496
950020
950021
950022
950023
950025
1002715
1000710
1000711
1000712
1000713
1001069
1001085
1001086
950026
950027
950028
950029
950030
950031
950032
950033
950034
950036
950038
950039
950040
950041
950052
950054
950055
950057
950058
950059
950060
950061
950062
950063
950064
950065
950067
950069
950073
950044
950045
950046
950047
950048
950049
1000370
950050
950071
950072
950076
950077
1001185
1001234
1001530
1001422
1473348912
1000303
2094675372
697368607
1955057078
1000521
1000524
1000546
1000560
1000567
13604
1512009
1562354751
1513009
1000591
300023
1000082
1000083
1512001
1511001
1513001
1514001
10044
1002555
1003188
1003189
1003190
1003191
1003192
1003193
1003194
1003195
1003196
1003197
1003198
1003199
1003200
1003201
1003202
1003203
1003204
1003205
1003206
1003207
1003208
1001166
1001118
1000251
1001167
1001168
1003754
1003916
1003928
101002
111165
1000308
1001120
9102
12409
12308
1000272
1511010
1000556
1001119
1000632
1000337
103112
12310
104169
114600
1000277
14306
134011
1511007
1000178
101054
2101035
114629
1163804
111147
1000307
1001124
1000323
1511012
1000688
1001123
1003673
1003672
2114057
111210
1001126
1000317
103035
1511008
1000770
1001125
104184
112078
1000286
1511006
1001804
2101037
111255
1000314
1001128
1001772
1001127
250999
1000267
1000675
1000019
1001071
13800
210998
200997
200998
200999
1001788
1003285
1001301
620911
620912
620913
620914
620915
620916
620917
620918
620919
620920
1000269
620997
620998
620999
621000
1001106
1001107
1001108
1001109
1001110
1001111
1001112
1001113
1001114
1001115
1001116
1001072
1000923
1000924
1000909
1000911
1000910
1000912
1000913
111996
111997
111999
1002492
1001257
1000925
1000926
1000914
1000915
1000916
1000917
1002718
1000927
1000928
1000918
1000919
1000920
1000907
1000908
1000921
1000922
620993
620995
620996
620994
1000261
1001094
1000758
1000475
1001095
1001068
1001429
1001096
1000855
1002744
1002743
1002503
1001923
1002745
1002501
1002099
1002269
1511009
1511011
1002121
1002078
1511015
1000773
1511013
1511014
1001938
1002850
1002851
1512006
1512012
1512011
1002806
1512010
1001419
1000427
64382088
1512007
1512008
1002197
1513000
1001812
1513011
1001070
1513006
1001098
1513007
1513010
1001761
1513008
1513012
1002173
1003288
1000592
1003287
1515001
1003655
1003656
1000593
1000594
1003289
1000586
1000590
1514006
1514009
1514011
1514012
1000481
1000587
1514010
1002770
1514008
1514007
1000589
1000588
53016
1002182
1002132
1000374
1002175
1002176
1001953
1002177
1002178
1002179
1001299
1000316
1002284
1002285
1002286
1002287
1002130
1002136
1002137
1001435
1000975
1000528
1000845
1002180
1002181
1003259
1000424
1001091
1000760
1000118
1000006
1003924
1000757
1000768
1000014
1003925
1003929
1002048
1002097
1001437
1002049
1002098
1004287
1004315
950002
1000155
1000737
950003
950004
1001683
1002599
950005
950006
1000149
1002093
950007
950008
1002094
950010
11001
1000639
1000640
1000088
950001
1003848
10026
10043
10045
10046
10047
1001849
1000858
1345841793
200014
950013
950012
607613578
1375302422
1504916963
1000967
1000691
757125333
950009
410008
410009
1001523
1003687
1003688
1001294
1000171
410004
1000022
410011
410012
12600
210029
210057
210059
210077
210079
210035
210045
210051
210075
210009
210011
210013
210023
210071
210003
210080
1578535467
9502
9508
410002
1001039
9501
9507
1675016614
1675016613
1675016612
12900
1000756
231000
230063
230059
230065
230073
230901
230003
230905
230909
230911
230917
230029
1001136
1000237
13201
13202
220002
221000
220006
220008
1000184
1000238
1000460
220012
13200
220004
220007
220021
1000465
1001063
1001146
1001148
1001149
1001150
1000461
220023
220018
220019
1000050
1000490
1000494
1000511
1000512
220014
220022
1000049
1000513
1000515
13500
201009
1003776
201005
201019
201006
201007
201008
201010
201014
201003
201011
201012
201013
201004
201015
200901
13605
290026
1001211
1000266
1000394
1001064
290020
13901
1001246
1001027
1000657
1000027
1000183
13600
1001073
290023
290090
290091
1002842
1002844
1002847
1000090
1000242
1000395
290014
290114
290115
290116
290113
290017
290057
1002846
290058
1000498
1000499
1000252
1163043
290001
1000500
1000519
1000631
1001147
1000683
1000462
1000578
13810
1001055
200922
200072
1001210
1001295
200917
200924
1000738
200902
1000742
1001019
1001524
200914
1000747
13811
200052
200919
13809
200078
200051
200921
13812
200001
200049
200077
200053
200024
200035
200904
200021
1003849
1003850
1003908
1004108
1163042
1000260
1000491
1003244
1000761
1001427
1001428
1000182
290503
290997
290508
290509
290511
290531
1000086
1001417
290533
290515
290516
290526
290504
290502
290506
290532
1000253
290523
290510
301001
12702
12701
301000
300001
300018
1000766
300004
300012
300013
1000796
300014
300015
300019
300002
300050
300003
1003265
1003245
320001
320002
13304
280019
280005
13301
280001
280017
280003
280018
280004
280002
1003246
270013
270011
270004
270002
270001
270003
1001747
370007
370001
370002
1002293
370005
370006
370003
370004
15200
15202
15204
1002118
330001
1002261
1000103
1001062
1002741
1001163
1000957
1001188
1001251
1000451
1000176
1001193
1001212
1001183
290021
1000201
1001192
1001305
1000125
1001152
1000156
1001196
330002
330003
1000553
430001
1000379
265011
1000239
15000
265010
265002
265003
265004
265005
265006
265007
265008
265001
15100
1001669
14706
251000
250028
250014
250019
250015
250016
250020
250017
500001
250024
250025
250026
250021
500005
250994
250022
250995
15500
400002
14703
400001
1000729
400003
400004
400005
400000
16001
1000637
16003
1000843
1001208
1001207
1001202
261000
1001203
260008
260019
260028
260030
1000844
1001204
1001205
260026
260013
260015
260020
260014
260018
1001209
260007
15701
310028
15703
1002123
15702
15706
15707
15700
1001200
310035
15704
310009
310012
310013
310023
310031
310024
310025
310039
1000106
310008
1000245
1000328
1000366
310018
1001201
1002124
1003247
1001830
1000250
52020
52021
1001820
1001822
1001823
52025
52026
1001824
1001825
1001826
1001821
1003326
1001088
1001831
1001832
1001833
1001827
1003322
1003328
52029
52033
52023
1001829
1001084
1003327
52031
1001818
1001828
1003165
1003166
1003167
1003168
1003169
1003170
1002158
1003323
1003324
1003325
1003171
1003337
1003338
1003339
1003340
1003341
1003342
1003343
1003344
1003345
1003346
1003347
1003348
1003349
1003350
1003351
1003352
1003353
1003354
1003355
52011
52012
1001083
1001834
254143257
380501
380504
380506
1000124
1000439
1000440
1000442
1000258
1004111
1000795
1001925
15901
15903
14705
240029
1000545
240030
240042
15902
241000
240016
240043
1000080
241002
1002102
1002106
240023
240001
240019
1002103
1002104
1002105
240020
240034
240026
240031
240018
1002710
1002711
1002716
1002717
1003209
1003210
1000023
1002184
1003643
1003649
1000854